0	0.6294
1	0.5465
2	0.5038
3	0.4724
4	0.4492000000000001
5	0.4302
6	0.4141
7	0.4
8	0.38720000000000004
9	0.37710000000000005
10	0.3688
11	0.3613
12	0.35450000000000004
13	0.34740000000000004
14	0.3418999999999999
15	0.3352
16	0.3298999999999999
17	0.3245
18	0.3189
19	0.3138
20	0.3095
21	0.3052
22	0.30150000000000005
23	0.29769999999999996
24	0.29490000000000005
25	0.2915
26	0.28809999999999997
27	0.28569999999999995
28	0.28300000000000003
29	0.2793
30	0.2765
31	0.274
32	0.2714
33	0.26940000000000003
34	0.2676
35	0.2655
36	0.2623
37	0.2602
38	0.2582
39	0.2567
40	0.2546
41	0.2529
42	0.252
43	0.25049999999999994
44	0.24889999999999998
45	0.24680000000000005
46	0.24520000000000003
47	0.24359999999999996
48	0.2421
49	0.24010000000000004
50	0.2385
51	0.23770000000000002
52	0.2364
53	0.23509999999999998
54	0.2335
55	0.2324
56	0.23099999999999998
57	0.23010000000000003
58	0.229
59	0.22709999999999997
60	0.2261
61	0.2252
62	0.22349999999999998
63	0.22219999999999998
64	0.2211
65	0.21949999999999997
66	0.21860000000000002
67	0.218
68	0.2163
69	0.2152
70	0.2138
71	0.21259999999999996
72	0.2118
73	0.21089999999999998
74	0.20989999999999998
75	0.20889999999999997
76	0.208
77	0.20729999999999998
78	0.2066
79	0.2059
80	0.2052
81	0.204
82	0.20279999999999995
83	0.2021
84	0.2016
85	0.20089999999999997
86	0.1993
87	0.19829999999999998
88	0.19739999999999996
89	0.1968
90	0.196
91	0.19500000000000003
92	0.19410000000000002
93	0.1934
94	0.19309999999999997
95	0.19269999999999998
96	0.19200000000000003
97	0.19140000000000001
98	0.1908
99	0.19
100	0.1893
101	0.1888
102	0.18799999999999997
103	0.1873
104	0.18660000000000002
105	0.18589999999999998
106	0.1854
107	0.1849
108	0.18400000000000002
109	0.18330000000000002
110	0.1829
111	0.18230000000000002
112	0.18190000000000003
113	0.1813
114	0.18069999999999997
115	0.1804
116	0.1798
117	0.1793
118	0.1784
119	0.1782
120	0.1781
121	0.1776
122	0.17679999999999998
123	0.1763
124	0.17620000000000002
125	0.1758
126	0.1749
127	0.1746
128	0.17400000000000002
129	0.17370000000000002
130	0.1734
131	0.17250000000000001
132	0.1711
133	0.1708
134	0.1703
135	0.17010000000000003
136	0.16960000000000003
137	0.1692
138	0.1686
139	0.168
140	0.1677
141	0.16759999999999997
142	0.16699999999999998
143	0.16629999999999998
144	0.16590000000000002
145	0.1656
146	0.16510000000000002
147	0.1647
148	0.164
149	0.1638
150	0.1634
151	0.163
152	0.1628
153	0.1624
154	0.162
155	0.16169999999999998
156	0.1616
157	0.16129999999999997
158	0.16099999999999998
159	0.16060000000000002
160	0.16030000000000003
161	0.16010000000000002
162	0.1598
163	0.15919999999999995
164	0.15889999999999999
165	0.1588
166	0.1582
167	0.15769999999999998
168	0.1575
169	0.15730000000000002
170	0.1568
171	0.1566
172	0.1564
173	0.1562
174	0.1559
175	0.15560000000000002
176	0.15530000000000002
177	0.15510000000000002
178	0.155
179	0.15469999999999998
180	0.1543
181	0.1538
182	0.1535
183	0.1533
184	0.15300000000000002
185	0.15290000000000004
186	0.15270000000000003
187	0.15250000000000002
188	0.1522
189	0.1518
190	0.1516
191	0.1509
192	0.1505
193	0.1504
194	0.1501
195	0.14989999999999998
196	0.14959999999999998
197	0.1493
198	0.1493
199	0.1489
200	0.1488
201	0.1483
202	0.14809999999999998
203	0.1477
204	0.1477
205	0.1474
206	0.1472
207	0.147
208	0.1467
209	0.1463
210	0.1459
211	0.1458
212	0.14570000000000002
213	0.1453
214	0.1452
215	0.1448
216	0.1445
217	0.14439999999999997
218	0.14429999999999998
219	0.1442
220	0.14389999999999997
221	0.14359999999999998
222	0.14319999999999997
223	0.14279999999999998
224	0.14259999999999998
225	0.1425
226	0.1423
227	0.1423
228	0.142
229	0.14170000000000002
230	0.14150000000000001
231	0.14120000000000002
232	0.1411
233	0.1405
234	0.14
235	0.1399
236	0.13960000000000003
237	0.13950000000000004
238	0.139
239	0.139
240	0.13890000000000002
241	0.1388
242	0.13870000000000002
243	0.1384
244	0.1381
245	0.1379
246	0.1379
247	0.1374
248	0.1371
249	0.13690000000000002
250	0.1365
251	0.13620000000000002
252	0.1361
253	0.136
254	0.1356
255	0.1355
256	0.1351
257	0.1347
258	0.1342
259	0.1338
260	0.1337
261	0.13360000000000002
262	0.1335
263	0.13340000000000002
264	0.13340000000000002
265	0.1333
266	0.1329
267	0.1326
268	0.1325
269	0.1321
270	0.1318
271	0.1317
272	0.1316
273	0.1312
274	0.13090000000000002
275	0.1308
276	0.1305
277	0.1303
278	0.1301
279	0.1299
280	0.1299
281	0.1298
282	0.1298
283	0.1298
284	0.1297
285	0.1295
286	0.1295
287	0.1293
288	0.12919999999999998
289	0.1291
290	0.129
291	0.1288
292	0.1288
293	0.1284
294	0.1283
295	0.12799999999999997
296	0.12789999999999999
297	0.1276
298	0.1273
299	0.1272
300	0.1269
301	0.1268
302	0.1268
303	0.1268
304	0.1264
305	0.1264
306	0.1262
307	0.1261
308	0.12589999999999998
309	0.1258
310	0.12569999999999998
311	0.1256
312	0.1252
313	0.12499999999999999
314	0.12489999999999998
315	0.1247
316	0.1245
317	0.12430000000000002
318	0.12420000000000002
319	0.12420000000000002
320	0.12420000000000002
321	0.12420000000000002
322	0.12400000000000001
323	0.12380000000000001
324	0.12360000000000002
325	0.12360000000000002
326	0.12340000000000002
327	0.12330000000000002
328	0.12330000000000002
329	0.12310000000000001
330	0.12300000000000001
331	0.12290000000000001
332	0.1227
333	0.1225
334	0.1224
335	0.1223
336	0.1221
337	0.12190000000000001
338	0.12179999999999999
339	0.1217
340	0.12159999999999999
341	0.1215
342	0.12130000000000002
343	0.1212
344	0.1211
345	0.12100000000000001
346	0.1208
347	0.12050000000000001
348	0.12050000000000001
349	0.1203
350	0.1203
351	0.1201
352	0.12
353	0.11989999999999999
354	0.11979999999999999
355	0.11979999999999999
356	0.1195
357	0.11939999999999999
358	0.1191
359	0.119
360	0.119
361	0.11879999999999999
362	0.1187
363	0.1185
364	0.11829999999999999
365	0.1181
366	0.11789999999999999
367	0.11789999999999999
368	0.1177
369	0.11760000000000001
370	0.1175
371	0.1172
372	0.11710000000000001
373	0.11679999999999999
374	0.11679999999999999
375	0.1167
376	0.11660000000000001
377	0.1164
378	0.11629999999999999
379	0.11610000000000001
380	0.11599999999999999
381	0.1157
382	0.1157
383	0.1157
384	0.11560000000000001
385	0.11549999999999999
386	0.11549999999999999
387	0.11549999999999999
388	0.1154
389	0.1153
390	0.1153
391	0.115
392	0.1149
393	0.1149
394	0.1149
395	0.1145
396	0.1142
397	0.1141
398	0.1141
399	0.114
400	0.11380000000000001
401	0.11370000000000001
402	0.11359999999999999
403	0.1135
404	0.1133
405	0.11309999999999999
406	0.113
407	0.113
408	0.11290000000000001
409	0.11270000000000001
410	0.11259999999999999
411	0.11259999999999999
412	0.11239999999999999
413	0.1123
414	0.11199999999999999
415	0.11179999999999998
416	0.1117
417	0.1115
418	0.1114
419	0.1114
420	0.11129999999999998
421	0.11129999999999998
422	0.1112
423	0.1111
424	0.1111
425	0.1111
426	0.11099999999999999
427	0.1109
428	0.11059999999999998
429	0.11049999999999999
430	0.1104
431	0.1104
432	0.11019999999999999
433	0.11019999999999999
434	0.11
435	0.1098
436	0.1098
437	0.1098
438	0.1098
439	0.1098
440	0.10969999999999999
441	0.10969999999999999
442	0.10949999999999999
443	0.1094
444	0.1094
445	0.1093
446	0.10900000000000001
447	0.10900000000000001
448	0.10880000000000001
449	0.1086
450	0.1085
451	0.1084
452	0.1083
453	0.1081
454	0.1079
455	0.1079
456	0.1079
457	0.1078
458	0.1077
459	0.1076
460	0.1075
461	0.1074
462	0.1074
463	0.1074
464	0.1074
465	0.10729999999999999
466	0.107
467	0.1069
468	0.10679999999999999
469	0.1066
470	0.1066
471	0.1066
472	0.10650000000000001
473	0.10640000000000001
474	0.1061
475	0.1061
476	0.1061
477	0.106
478	0.106
479	0.10590000000000001
480	0.1058
481	0.1054
482	0.10529999999999999
483	0.10529999999999999
484	0.10509999999999999
485	0.105
486	0.105
487	0.105
488	0.10470000000000002
489	0.10439999999999999
490	0.10439999999999999
491	0.10420000000000001
492	0.1041
493	0.10400000000000001
494	0.1038
495	0.1038
496	0.10350000000000001
497	0.10339999999999999
498	0.1033
499	0.1031
500	0.10300000000000001
501	0.10300000000000001
502	0.10300000000000001
503	0.10289999999999999
504	0.10270000000000001
505	0.10239999999999999
506	0.10239999999999999
507	0.10239999999999999
508	0.10219999999999999
509	0.10219999999999999
510	0.10219999999999999
511	0.10219999999999999
512	0.10199999999999998
513	0.10189999999999999
514	0.10179999999999997
515	0.1016
516	0.10140000000000002
517	0.10140000000000002
518	0.1013
519	0.1013
520	0.10120000000000001
521	0.1011
522	0.1011
523	0.101
524	0.10090000000000002
525	0.10070000000000001
526	0.10070000000000001
527	0.10070000000000001
528	0.10060000000000002
529	0.10060000000000002
530	0.1005
531	0.10040000000000002
532	0.10030000000000001
533	0.10010000000000001
534	0.10010000000000001
535	0.10010000000000001
536	0.10010000000000001
537	0.1
538	0.1
539	0.1
540	0.0999
541	0.0999
542	0.0999
543	0.0998
544	0.0998
545	0.0996
546	0.0996
547	0.09949999999999999
548	0.0994
549	0.0994
550	0.0993
551	0.0993
552	0.0993
553	0.0993
554	0.0991
555	0.0991
556	0.0989
557	0.0989
558	0.0989
559	0.0988
560	0.0988
561	0.0987
562	0.0987
563	0.0987
564	0.0987
565	0.0987
566	0.0986
567	0.09849999999999999
568	0.09849999999999999
569	0.09849999999999999
570	0.0983
571	0.09820000000000001
572	0.09820000000000001
573	0.09820000000000001
574	0.098
575	0.0979
576	0.0979
577	0.0979
578	0.0978
579	0.0977
580	0.09759999999999999
581	0.0974
582	0.0974
583	0.0974
584	0.0974
585	0.0973
586	0.0972
587	0.0972
588	0.0972
589	0.0971
590	0.0971
591	0.097
592	0.097
593	0.097
594	0.0969
595	0.0968
596	0.0968
597	0.0968
598	0.0968
599	0.0968
600	0.0967
601	0.0967
602	0.0967
603	0.0967
604	0.0967
605	0.0966
606	0.0966
607	0.0966
608	0.0966
609	0.0966
610	0.0966
611	0.0964
612	0.0963
613	0.0962
614	0.0961
615	0.0959
616	0.0957
617	0.09559999999999999
618	0.09559999999999999
619	0.0955
620	0.0955
621	0.09540000000000001
622	0.09540000000000001
623	0.09540000000000001
624	0.09540000000000001
625	0.09540000000000001
626	0.09540000000000001
627	0.09540000000000001
628	0.09540000000000001
629	0.09540000000000001
630	0.0952
631	0.095
632	0.0948
633	0.09469999999999999
634	0.09469999999999999
635	0.09459999999999999
636	0.09459999999999999
637	0.0943
638	0.09419999999999999
639	0.09419999999999999
640	0.09409999999999999
641	0.09399999999999999
642	0.09399999999999999
643	0.09399999999999999
644	0.09399999999999999
645	0.0939
646	0.0939
647	0.0939
648	0.09369999999999999
649	0.09369999999999999
650	0.0934
651	0.0934
652	0.09319999999999999
653	0.09319999999999999
654	0.09319999999999999
655	0.09309999999999999
656	0.09299999999999999
657	0.09299999999999999
658	0.09299999999999999
659	0.0929
660	0.0929
661	0.0929
662	0.0929
663	0.09269999999999999
664	0.0925
665	0.0925
666	0.0925
667	0.0923
668	0.0923
669	0.0923
670	0.0923
671	0.09219999999999999
672	0.09219999999999999
673	0.09219999999999999
674	0.09219999999999999
675	0.09219999999999999
676	0.09219999999999999
677	0.09219999999999999
678	0.09219999999999999
679	0.09219999999999999
680	0.0921
681	0.0921
682	0.0921
683	0.092
684	0.092
685	0.092
686	0.092
687	0.092
688	0.092
689	0.092
690	0.092
691	0.092
692	0.0918
693	0.0918
694	0.0918
695	0.0918
696	0.0918
697	0.0918
698	0.0918
699	0.0918
700	0.0918
701	0.0917
702	0.0917
703	0.0917
704	0.0916
705	0.0915
706	0.0913
707	0.0912
708	0.0911
709	0.091
710	0.0909
711	0.09069999999999999
712	0.09069999999999999
713	0.0906
714	0.0906
715	0.0906
716	0.0904
717	0.0904
718	0.0904
719	0.0904
720	0.08999999999999998
721	0.08999999999999998
722	0.08999999999999998
723	0.08999999999999998
724	0.0899
725	0.08979999999999999
726	0.08969999999999999
727	0.0896
728	0.0896
729	0.0895
730	0.08940000000000001
731	0.0892
732	0.0892
733	0.0892
734	0.0892
735	0.0892
736	0.0892
737	0.0892
738	0.0892
739	0.0892
740	0.08899999999999998
741	0.08899999999999998
742	0.08889999999999999
743	0.08869999999999999
744	0.08859999999999998
745	0.08859999999999998
746	0.0884
747	0.08829999999999999
748	0.08829999999999999
749	0.08810000000000001
750	0.08810000000000001
751	0.0879
752	0.08780000000000002
753	0.0877
754	0.0877
755	0.0877
756	0.0877
757	0.08760000000000001
758	0.08750000000000002
759	0.08750000000000002
760	0.08750000000000002
761	0.08750000000000002
762	0.08750000000000002
763	0.08750000000000002
764	0.08750000000000002
765	0.08750000000000002
766	0.08750000000000002
767	0.08750000000000002
768	0.08750000000000002
769	0.08750000000000002
770	0.08750000000000002
771	0.08750000000000002
772	0.08740000000000002
773	0.08740000000000002
774	0.0873
775	0.0873
776	0.08720000000000001
777	0.08700000000000001
778	0.08689999999999999
779	0.08679999999999999
780	0.0867
781	0.0867
782	0.08660000000000001
783	0.08660000000000001
784	0.08660000000000001
785	0.08660000000000001
786	0.08660000000000001
787	0.08650000000000001
788	0.08650000000000001
789	0.08640000000000002
790	0.08640000000000002
791	0.08640000000000002
792	0.0863
793	0.0863
794	0.08620000000000001
795	0.08620000000000001
796	0.08620000000000001
797	0.08620000000000001
798	0.08620000000000001
799	0.08620000000000001
800	0.08620000000000001
801	0.08620000000000001
802	0.0861
803	0.0861
804	0.0859
805	0.0859
806	0.0859
807	0.0859
808	0.0859
809	0.0859
810	0.0859
811	0.08580000000000002
812	0.08580000000000002
813	0.0857
814	0.0857
815	0.08560000000000001
816	0.0854
817	0.08520000000000003
818	0.08520000000000003
819	0.08520000000000003
820	0.08520000000000003
821	0.08520000000000003
822	0.08510000000000001
823	0.08500000000000002
824	0.08490000000000003
825	0.08480000000000001
826	0.0847
827	0.08460000000000001
828	0.08460000000000001
829	0.08460000000000001
830	0.08460000000000001
831	0.08460000000000001
832	0.08460000000000001
833	0.08460000000000001
834	0.08450000000000002
835	0.08450000000000002
836	0.08440000000000002
837	0.08440000000000002
838	0.08430000000000001
839	0.08430000000000001
840	0.08430000000000001
841	0.08430000000000001
842	0.08430000000000001
843	0.08430000000000001
844	0.08430000000000001
845	0.08430000000000001
846	0.08430000000000001
847	0.08430000000000001
848	0.08430000000000001
849	0.08410000000000001
850	0.084
851	0.084
852	0.084
853	0.084
854	0.084
855	0.084
856	0.084
857	0.084
858	0.0839
859	0.0839
860	0.0839
861	0.0839
862	0.0838
863	0.0838
864	0.0838
865	0.0837
866	0.0837
867	0.0837
868	0.0837
869	0.0836
870	0.0836
871	0.0836
872	0.0836
873	0.0835
874	0.0833
875	0.08310000000000001
876	0.083
877	0.083
878	0.0829
879	0.0829
880	0.0829
881	0.0829
882	0.0829
883	0.08270000000000001
884	0.08270000000000001
885	0.08270000000000001
886	0.0826
887	0.0826
888	0.0826
889	0.0826
890	0.0826
891	0.0826
892	0.0826
893	0.0826
894	0.0826
895	0.0825
896	0.0825
897	0.0824
898	0.0822
899	0.0822
900	0.0822
901	0.0822
902	0.0821
903	0.0821
904	0.082
905	0.082
906	0.082
907	0.0819
908	0.0819
909	0.0819
910	0.0818
911	0.0817
912	0.0815
913	0.0815
914	0.0814
915	0.0814
916	0.0814
917	0.0814
918	0.0814
919	0.0813
920	0.0813
921	0.0813
922	0.0813
923	0.0813
924	0.0813
925	0.0813
926	0.0811
927	0.0811
928	0.0811
929	0.081
930	0.0809
931	0.0809
932	0.0809
933	0.0809
934	0.0809
935	0.0809
936	0.0809
937	0.0809
938	0.0808
939	0.0807
940	0.0807
941	0.0807
942	0.0807
943	0.0807
944	0.0807
945	0.0807
946	0.0807
947	0.0807
948	0.0806
949	0.0805
950	0.0805
951	0.0804
952	0.0804
953	0.0804
954	0.0804
955	0.0803
956	0.0803
957	0.0802
958	0.0802
959	0.0802
960	0.0802
961	0.0802
962	0.0802
963	0.0802
964	0.0802
965	0.0802
966	0.0802
967	0.0802
968	0.0802
969	0.0802
970	0.0802
971	0.0802
972	0.0802
973	0.0802
974	0.08009999999999999
975	0.08009999999999999
976	0.08009999999999999
977	0.08009999999999999
978	0.08009999999999999
979	0.08009999999999999
980	0.08009999999999999
981	0.07999999999999999
982	0.07999999999999999
983	0.07999999999999999
984	0.07999999999999999
985	0.07999999999999999
986	0.07999999999999999
987	0.07989999999999998
988	0.07989999999999998
989	0.07989999999999998
990	0.07989999999999998
991	0.07989999999999998
992	0.07989999999999998
993	0.07989999999999998
994	0.07979999999999998
995	0.07969999999999998
996	0.07969999999999998
997	0.07969999999999998
998	0.07969999999999998
999	0.07969999999999998
