0	0.43889999999999996
1	0.28359999999999996
2	0.2313
3	0.20500000000000002
4	0.1869
5	0.1736
6	0.16249999999999998
7	0.155
8	0.14890000000000003
9	0.1423
10	0.1373
11	0.13180000000000003
12	0.1277
13	0.12380000000000001
14	0.11929999999999999
15	0.11629999999999999
16	0.1142
17	0.1117
18	0.10849999999999999
19	0.1058
20	0.1028
21	0.10060000000000001
22	0.0983
23	0.09639999999999999
24	0.0949
25	0.09389999999999998
26	0.09269999999999999
27	0.09060000000000001
28	0.0897
29	0.0879
30	0.08729999999999999
31	0.08619999999999998
32	0.0849
33	0.0842
34	0.08330000000000001
35	0.08220000000000001
36	0.0814
37	0.0806
38	0.08
39	0.0786
40	0.0781
41	0.0769
42	0.07590000000000001
43	0.07500000000000001
44	0.07379999999999999
45	0.07289999999999999
46	0.0723
47	0.07130000000000002
48	0.07010000000000001
49	0.0698
50	0.06910000000000001
51	0.0683
52	0.06749999999999999
53	0.0669
54	0.06609999999999999
55	0.06559999999999999
56	0.06520000000000001
57	0.06470000000000001
58	0.0641
59	0.0633
60	0.06280000000000001
61	0.0626
62	0.061900000000000004
63	0.061399999999999996
64	0.061
65	0.0603
66	0.059500000000000004
67	0.0594
68	0.058800000000000005
69	0.05840000000000001
70	0.0577
71	0.0573
72	0.0569
73	0.0565
74	0.0562
75	0.056
76	0.055900000000000005
77	0.0555
78	0.0552
79	0.05479999999999999
80	0.05459999999999998
81	0.05449999999999998
82	0.0543
83	0.054099999999999995
84	0.0538
85	0.0534
86	0.052899999999999996
87	0.0528
88	0.0526
89	0.05219999999999999
90	0.0519
91	0.0518
92	0.0516
93	0.0514
94	0.051199999999999996
95	0.051
96	0.0506
97	0.05
98	0.05
99	0.0499
100	0.04970000000000001
101	0.049199999999999994
102	0.048799999999999996
103	0.048799999999999996
104	0.0482
105	0.047999999999999994
106	0.0478
107	0.0478
108	0.04739999999999999
109	0.047200000000000006
110	0.046900000000000004
111	0.0468
112	0.04649999999999999
113	0.04649999999999999
114	0.0462
115	0.046
116	0.045700000000000005
117	0.0456
118	0.0453
119	0.045
120	0.044899999999999995
121	0.04479999999999999
122	0.04469999999999999
123	0.0446
124	0.0445
125	0.04409999999999999
126	0.044
127	0.044
128	0.043899999999999995
129	0.043899999999999995
130	0.0438
131	0.0437
132	0.0436
133	0.0435
134	0.0435
135	0.0435
136	0.0433
137	0.0433
138	0.043
139	0.042899999999999994
140	0.04279999999999999
141	0.04259999999999999
142	0.0421
143	0.0421
144	0.041999999999999996
145	0.041800000000000004
146	0.041800000000000004
147	0.0417
148	0.041600000000000005
149	0.041600000000000005
150	0.041400000000000006
151	0.0412
152	0.040900000000000006
153	0.0408
154	0.0408
155	0.04070000000000001
156	0.040600000000000004
157	0.040600000000000004
158	0.040600000000000004
159	0.040600000000000004
160	0.040600000000000004
161	0.0405
162	0.040299999999999996
163	0.0402
164	0.0402
165	0.0402
166	0.04
167	0.039900000000000005
168	0.0398
169	0.0397
170	0.0397
171	0.0397
172	0.0396
173	0.0395
174	0.0393
175	0.0393
176	0.0391
177	0.03900000000000001
178	0.03900000000000001
179	0.03890000000000001
180	0.03880000000000001
181	0.03870000000000001
182	0.03860000000000001
183	0.038400000000000004
184	0.0381
185	0.0381
186	0.0381
187	0.0379
188	0.0378
189	0.0377
190	0.0376
191	0.037399999999999996
192	0.037399999999999996
193	0.037399999999999996
194	0.03729999999999999
195	0.0372
196	0.037099999999999994
197	0.037099999999999994
198	0.036899999999999995
199	0.036899999999999995
200	0.036699999999999997
201	0.036699999999999997
202	0.0366
203	0.0366
204	0.0365
205	0.0365
206	0.0365
207	0.0363
208	0.0362
209	0.0362
210	0.036000000000000004
211	0.036000000000000004
212	0.036000000000000004
213	0.0359
214	0.0359
215	0.0359
216	0.035800000000000005
217	0.0357
218	0.0357
219	0.03560000000000001
220	0.035500000000000004
221	0.035500000000000004
222	0.0354
223	0.0354
224	0.035300000000000005
225	0.035300000000000005
226	0.0352
227	0.0352
228	0.0351
229	0.0349
230	0.0349
231	0.0349
232	0.0348
233	0.0348
234	0.034499999999999996
235	0.0344
236	0.0343
237	0.0343
238	0.0343
239	0.0343
240	0.0342
241	0.0341
242	0.0341
243	0.033999999999999996
244	0.033999999999999996
245	0.0338
246	0.0337
247	0.0337
248	0.0336
249	0.0336
250	0.0336
251	0.0335
252	0.0332
253	0.03289999999999999
254	0.03289999999999999
255	0.03289999999999999
256	0.03289999999999999
257	0.03269999999999999
258	0.03259999999999999
259	0.032499999999999994
260	0.0324
261	0.03219999999999999
262	0.031799999999999995
263	0.031799999999999995
264	0.031599999999999996
265	0.031599999999999996
266	0.031599999999999996
267	0.031599999999999996
268	0.0315
269	0.031299999999999994
270	0.031199999999999995
271	0.031199999999999995
272	0.031199999999999995
273	0.031199999999999995
274	0.031199999999999995
275	0.031099999999999996
276	0.031099999999999996
277	0.030799999999999994
278	0.030599999999999995
279	0.030499999999999996
280	0.030399999999999996
281	0.030399999999999996
282	0.030199999999999998
283	0.030199999999999998
284	0.030199999999999998
285	0.030199999999999998
286	0.0301
287	0.03
288	0.029899999999999996
289	0.029899999999999996
290	0.029799999999999997
291	0.029699999999999997
292	0.029599999999999998
293	0.0295
294	0.0295
295	0.0294
296	0.0292
297	0.0292
298	0.0291
299	0.029
300	0.029
301	0.029
302	0.0288
303	0.0288
304	0.0288
305	0.0288
306	0.0287
307	0.0287
308	0.0286
309	0.0286
310	0.0286
311	0.0286
312	0.0286
313	0.0285
314	0.0285
315	0.0285
316	0.028300000000000002
317	0.028300000000000002
318	0.028200000000000003
319	0.028200000000000003
320	0.028100000000000003
321	0.028100000000000003
322	0.028100000000000003
323	0.028100000000000003
324	0.028
325	0.0279
326	0.027800000000000002
327	0.027800000000000002
328	0.027800000000000002
329	0.027700000000000002
330	0.027700000000000002
331	0.0276
332	0.0275
333	0.0275
334	0.0274
335	0.0274
336	0.0274
337	0.0274
338	0.0274
339	0.0274
340	0.0273
341	0.0273
342	0.027200000000000002
343	0.027200000000000002
344	0.027200000000000002
345	0.027200000000000002
346	0.027200000000000002
347	0.0271
348	0.0271
349	0.0271
350	0.0271
351	0.0271
352	0.0271
353	0.0271
354	0.0271
355	0.0271
356	0.0271
357	0.0271
358	0.0271
359	0.027
360	0.027
361	0.027
362	0.027
363	0.027
364	0.027
365	0.0269
366	0.0269
367	0.0269
368	0.0268
369	0.0268
370	0.0268
371	0.0268
372	0.0267
373	0.0267
374	0.0267
375	0.0267
376	0.0267
377	0.0267
378	0.0267
379	0.0267
380	0.026600000000000002
381	0.026500000000000003
382	0.026500000000000003
383	0.026500000000000003
384	0.026400000000000003
385	0.026300000000000004
386	0.026300000000000004
387	0.0262
388	0.0262
389	0.0262
390	0.0262
391	0.026100000000000005
392	0.026100000000000005
393	0.026100000000000005
394	0.026100000000000005
395	0.026100000000000005
396	0.026000000000000002
397	0.026000000000000002
398	0.026000000000000002
399	0.026000000000000002
400	0.0259
401	0.025800000000000003
402	0.025800000000000003
403	0.025800000000000003
404	0.025800000000000003
405	0.025800000000000003
406	0.0257
407	0.0257
408	0.0257
409	0.0257
410	0.0256
411	0.0256
412	0.0256
413	0.0256
414	0.025500000000000002
415	0.025500000000000002
416	0.025500000000000002
417	0.0254
418	0.0254
419	0.0254
420	0.0253
421	0.0253
422	0.0253
423	0.0252
424	0.0252
425	0.0252
426	0.0252
427	0.0252
428	0.0252
429	0.0251
430	0.0251
431	0.0251
432	0.0251
433	0.0251
434	0.0251
435	0.0251
436	0.025
437	0.025
438	0.025
439	0.025
440	0.025
441	0.025
442	0.024900000000000002
443	0.024800000000000003
444	0.0247
445	0.0247
446	0.0247
447	0.0247
448	0.0247
449	0.0247
450	0.0247
451	0.0247
452	0.0247
453	0.0246
454	0.0246
455	0.0246
456	0.0246
457	0.0246
458	0.0246
459	0.0246
460	0.0246
461	0.0245
462	0.0245
463	0.0245
464	0.0243
465	0.0243
466	0.0243
467	0.0243
468	0.0243
469	0.0243
470	0.0243
471	0.0243
472	0.0243
473	0.0243
474	0.0243
475	0.0243
476	0.0243
477	0.0243
478	0.0242
479	0.0242
480	0.0242
481	0.0242
482	0.0242
483	0.0242
484	0.0242
485	0.0242
486	0.0242
487	0.0242
488	0.0242
489	0.0242
490	0.0242
491	0.0241
492	0.0241
493	0.023999999999999997
494	0.023999999999999997
495	0.023799999999999998
496	0.023799999999999998
497	0.023799999999999998
498	0.023799999999999998
499	0.023799999999999998
500	0.023799999999999998
501	0.023699999999999995
502	0.023699999999999995
503	0.023699999999999995
504	0.023699999999999995
505	0.023599999999999996
506	0.023499999999999997
507	0.023499999999999997
508	0.023499999999999997
509	0.023499999999999997
510	0.023499999999999997
511	0.023499999999999997
512	0.023499999999999997
513	0.023499999999999997
514	0.023499999999999997
515	0.023499999999999997
516	0.023499999999999997
517	0.023499999999999997
518	0.023499999999999997
519	0.023499999999999997
520	0.023499999999999997
521	0.023499999999999997
522	0.023499999999999997
523	0.023399999999999997
524	0.023399999999999997
525	0.023299999999999998
526	0.023299999999999998
527	0.023299999999999998
528	0.023299999999999998
529	0.023299999999999998
530	0.023299999999999998
531	0.023299999999999998
532	0.023299999999999998
533	0.0232
534	0.0232
535	0.0231
536	0.0231
537	0.0231
538	0.0231
539	0.023
540	0.023
541	0.0229
542	0.0229
543	0.0228
544	0.0228
545	0.0228
546	0.0228
547	0.0228
548	0.0227
549	0.0227
550	0.0227
551	0.0227
552	0.0227
553	0.022600000000000002
554	0.022600000000000002
555	0.022600000000000002
556	0.022500000000000003
557	0.022500000000000003
558	0.022500000000000003
559	0.022400000000000003
560	0.022400000000000003
561	0.022400000000000003
562	0.022400000000000003
563	0.022400000000000003
564	0.022400000000000003
565	0.022400000000000003
566	0.022400000000000003
567	0.022400000000000003
568	0.022400000000000003
569	0.022400000000000003
570	0.022400000000000003
571	0.022400000000000003
572	0.022400000000000003
573	0.022400000000000003
574	0.022400000000000003
575	0.022400000000000003
576	0.022400000000000003
577	0.022400000000000003
578	0.022400000000000003
579	0.022400000000000003
580	0.022400000000000003
581	0.022400000000000003
582	0.022400000000000003
583	0.0223
584	0.0223
585	0.022200000000000004
586	0.022200000000000004
587	0.022200000000000004
588	0.022200000000000004
589	0.0221
590	0.0221
591	0.0221
592	0.022
593	0.021900000000000003
594	0.021900000000000003
595	0.021900000000000003
596	0.021900000000000003
597	0.021900000000000003
598	0.021900000000000003
599	0.021900000000000003
600	0.021900000000000003
601	0.021900000000000003
602	0.021900000000000003
603	0.021900000000000003
604	0.0218
605	0.021699999999999997
606	0.021699999999999997
607	0.021599999999999998
608	0.021599999999999998
609	0.021599999999999998
610	0.021599999999999998
611	0.021599999999999998
612	0.021599999999999998
613	0.021599999999999998
614	0.021599999999999998
615	0.021599999999999998
616	0.021599999999999998
617	0.021599999999999998
618	0.021599999999999998
619	0.021599999999999998
620	0.021599999999999998
621	0.021599999999999998
622	0.021599999999999998
623	0.0215
624	0.021299999999999996
625	0.021299999999999996
626	0.021299999999999996
627	0.021299999999999996
628	0.021299999999999996
629	0.021199999999999997
630	0.021199999999999997
631	0.021199999999999997
632	0.021199999999999997
633	0.021199999999999997
634	0.021199999999999997
635	0.021199999999999997
636	0.021099999999999997
637	0.021099999999999997
638	0.021099999999999997
639	0.021099999999999997
640	0.021099999999999997
641	0.021099999999999997
642	0.021099999999999997
643	0.020999999999999998
644	0.020999999999999998
645	0.020999999999999998
646	0.020999999999999998
647	0.020999999999999998
648	0.020999999999999998
649	0.020999999999999998
650	0.020999999999999998
651	0.020999999999999998
652	0.020999999999999998
653	0.0208
654	0.0208
655	0.0208
656	0.0208
657	0.0208
658	0.0208
659	0.0208
660	0.0207
661	0.0207
662	0.0207
663	0.0207
664	0.0207
665	0.0207
666	0.0207
667	0.0207
668	0.0207
669	0.0207
670	0.0207
671	0.0207
672	0.0207
673	0.0207
674	0.0207
675	0.0207
676	0.0207
677	0.0207
678	0.0207
679	0.0207
680	0.0206
681	0.0205
682	0.0205
683	0.0205
684	0.0205
685	0.0205
686	0.0205
687	0.0205
688	0.0205
689	0.0205
690	0.0205
691	0.0205
692	0.0205
693	0.0205
694	0.0205
695	0.0205
696	0.0205
697	0.0205
698	0.0205
699	0.020300000000000002
700	0.020300000000000002
701	0.020300000000000002
702	0.020300000000000002
703	0.020300000000000002
704	0.020300000000000002
705	0.020300000000000002
706	0.020300000000000002
707	0.020300000000000002
708	0.0202
709	0.0202
710	0.0202
711	0.0202
712	0.0202
713	0.0202
714	0.0202
715	0.0202
716	0.0202
717	0.0202
718	0.0202
719	0.0202
720	0.0202
721	0.0202
722	0.0202
723	0.0202
724	0.0202
725	0.0202
726	0.0202
727	0.0202
728	0.0202
729	0.0202
730	0.0202
731	0.0202
732	0.0202
733	0.0202
734	0.0201
735	0.0201
736	0.0201
737	0.0201
738	0.0201
739	0.0201
740	0.0201
741	0.0201
742	0.0201
743	0.0201
744	0.0201
745	0.0201
746	0.0201
747	0.0201
748	0.0201
749	0.0201
750	0.0201
751	0.02
752	0.02
753	0.02
754	0.02
755	0.02
756	0.02
757	0.02
758	0.02
759	0.02
760	0.02
761	0.02
762	0.02
763	0.02
764	0.02
765	0.02
766	0.02
767	0.02
768	0.02
769	0.02
770	0.0199
771	0.0199
772	0.0199
773	0.0199
774	0.0199
775	0.0199
776	0.019799999999999998
777	0.019799999999999998
778	0.019799999999999998
779	0.019700000000000002
780	0.019700000000000002
781	0.019700000000000002
782	0.019700000000000002
783	0.019700000000000002
784	0.0196
785	0.0196
786	0.0196
787	0.0196
788	0.019500000000000003
789	0.019500000000000003
790	0.019500000000000003
791	0.019500000000000003
792	0.019500000000000003
793	0.019500000000000003
794	0.019500000000000003
795	0.019500000000000003
796	0.019500000000000003
797	0.019500000000000003
798	0.019500000000000003
799	0.019500000000000003
800	0.019500000000000003
801	0.019500000000000003
802	0.019500000000000003
803	0.019500000000000003
804	0.019500000000000003
805	0.019500000000000003
806	0.019500000000000003
807	0.019500000000000003
808	0.019500000000000003
809	0.019500000000000003
810	0.0194
811	0.0194
812	0.0194
813	0.0194
814	0.0193
815	0.0193
816	0.0193
817	0.0192
818	0.0192
819	0.0192
820	0.0189
821	0.0189
822	0.0189
823	0.0189
824	0.0189
825	0.0189
826	0.0189
827	0.0189
828	0.0189
829	0.0189
830	0.0189
831	0.0189
832	0.0189
833	0.0189
834	0.0189
835	0.0189
836	0.0189
837	0.0189
838	0.0189
839	0.0189
840	0.0189
841	0.0189
842	0.0189
843	0.018799999999999997
844	0.018799999999999997
845	0.018799999999999997
846	0.018799999999999997
847	0.018799999999999997
848	0.018799999999999997
849	0.018799999999999997
850	0.018799999999999997
851	0.018799999999999997
852	0.018799999999999997
853	0.018799999999999997
854	0.018799999999999997
855	0.018799999999999997
856	0.018799999999999997
857	0.018799999999999997
858	0.018699999999999998
859	0.018699999999999998
860	0.018699999999999998
861	0.018699999999999998
862	0.018699999999999998
863	0.018699999999999998
864	0.018699999999999998
865	0.0185
866	0.0185
867	0.0185
868	0.0185
869	0.0185
870	0.0185
871	0.0185
872	0.0185
873	0.0184
874	0.0184
875	0.0184
876	0.0184
877	0.0184
878	0.0184
879	0.0184
880	0.0184
881	0.0184
882	0.0184
883	0.0184
884	0.0184
885	0.0184
886	0.0184
887	0.0183
888	0.0183
889	0.0183
890	0.0183
891	0.0183
892	0.0183
893	0.0183
894	0.0183
895	0.0183
896	0.0183
897	0.0183
898	0.0183
899	0.0183
900	0.0183
901	0.0183
902	0.0183
903	0.0183
904	0.0183
905	0.0182
906	0.0182
907	0.018099999999999998
908	0.018099999999999998
909	0.018099999999999998
910	0.018099999999999998
911	0.018099999999999998
912	0.018099999999999998
913	0.018
914	0.018
915	0.018
916	0.018
917	0.018
918	0.018
919	0.018
920	0.018
921	0.018
922	0.018
923	0.018
924	0.0179
925	0.0179
926	0.0179
927	0.0179
928	0.0179
929	0.0179
930	0.0179
931	0.0178
932	0.0178
933	0.0178
934	0.0178
935	0.0178
936	0.0178
937	0.0178
938	0.0178
939	0.0178
940	0.0178
941	0.0178
942	0.0177
943	0.0176
944	0.0176
945	0.017499999999999998
946	0.017499999999999998
947	0.017499999999999998
948	0.017499999999999998
949	0.017499999999999998
950	0.017499999999999998
951	0.017499999999999998
952	0.017499999999999998
953	0.017499999999999998
954	0.017499999999999998
955	0.017499999999999998
956	0.017499999999999998
957	0.017499999999999998
958	0.017499999999999998
959	0.017499999999999998
960	0.017499999999999998
961	0.017499999999999998
962	0.017499999999999998
963	0.017499999999999998
964	0.017499999999999998
965	0.0174
966	0.0174
967	0.0174
968	0.0174
969	0.0174
970	0.0174
971	0.0174
972	0.0174
973	0.0174
974	0.0174
975	0.0174
976	0.0174
977	0.0174
978	0.0174
979	0.0174
980	0.0174
981	0.0174
982	0.0174
983	0.0174
984	0.0174
985	0.0174
986	0.0174
987	0.0174
988	0.0174
989	0.0174
990	0.0174
991	0.0174
992	0.0174
993	0.0174
994	0.0174
995	0.0174
996	0.0174
997	0.0174
998	0.0174
999	0.0174
