0	0.7004999999999999
1	0.6312500000000001
2	0.58525
3	0.56
4	0.5385
5	0.51925
6	0.5045000000000001
7	0.49075
8	0.4810000000000001
9	0.46875
10	0.45975
11	0.45275000000000004
12	0.44800000000000006
13	0.44349999999999995
14	0.43799999999999994
15	0.432
16	0.42850000000000005
17	0.42374999999999996
18	0.41825
19	0.41425000000000006
20	0.41
21	0.4065
22	0.40175
23	0.39749999999999996
24	0.39449999999999996
25	0.39224999999999993
26	0.38775
27	0.386
28	0.38299999999999995
29	0.38
30	0.37775
31	0.37549999999999994
32	0.37324999999999997
33	0.3695
34	0.36724999999999997
35	0.36449999999999994
36	0.36224999999999996
37	0.35949999999999993
38	0.35575
39	0.35425
40	0.3535
41	0.35224999999999995
42	0.34975
43	0.3485
44	0.34725
45	0.34525
46	0.34325
47	0.34174999999999994
48	0.34075000000000005
49	0.33975
50	0.33825000000000005
51	0.33725000000000005
52	0.33525000000000005
53	0.33275000000000005
54	0.332
55	0.33125000000000004
56	0.3305
57	0.32975
58	0.328
59	0.32700000000000007
60	0.32600000000000007
61	0.32475000000000004
62	0.32400000000000007
63	0.32275
64	0.32175000000000004
65	0.32125000000000004
66	0.32000000000000006
67	0.31875
68	0.31825000000000003
69	0.31675
70	0.3155
71	0.31375
72	0.3125
73	0.31199999999999994
74	0.31174999999999997
75	0.31074999999999997
76	0.31025
77	0.3085
78	0.30675
79	0.30624999999999997
80	0.30575
81	0.3045
82	0.30374999999999996
83	0.30275
84	0.30175
85	0.30175
86	0.30124999999999996
87	0.3
88	0.29975
89	0.29925
90	0.29825
91	0.2975
92	0.2965
93	0.2955
94	0.295
95	0.2945
96	0.29400000000000004
97	0.2935
98	0.29300000000000004
99	0.2925
100	0.291
101	0.29050000000000004
102	0.29025
103	0.29
104	0.28925
105	0.28850000000000003
106	0.28775
107	0.28725
108	0.28725
109	0.28625
110	0.28625
111	0.28600000000000003
112	0.285
113	0.28425
114	0.28350000000000003
115	0.28250000000000003
116	0.28200000000000003
117	0.28175
118	0.28025
119	0.28
120	0.2795
121	0.27925000000000005
122	0.27875000000000005
123	0.27825
124	0.27775000000000005
125	0.2775
126	0.277
127	0.27675
128	0.27675
129	0.2765
130	0.276
131	0.27575
132	0.275
133	0.2745
134	0.2735
135	0.2735
136	0.27275
137	0.27225
138	0.27225
139	0.271
140	0.2705
141	0.27
142	0.26975
143	0.26925
144	0.269
145	0.26875
146	0.26825
147	0.26825
148	0.268
149	0.268
150	0.26775
151	0.26775
152	0.267
153	0.26675
154	0.2665
155	0.26575
156	0.26575
157	0.26475
158	0.264
159	0.26325
160	0.263
161	0.26225
162	0.262
163	0.26175
164	0.261
165	0.26075
166	0.26075
167	0.2605
168	0.26
169	0.25975
170	0.25975
171	0.2595
172	0.2595
173	0.25925
174	0.258
175	0.2575
176	0.25725
177	0.25725
178	0.25675
179	0.2565
180	0.2565
181	0.2565
182	0.25575
183	0.25575
184	0.25525
185	0.255
186	0.25425
187	0.25425
188	0.25425
189	0.254
190	0.2535
191	0.253
192	0.2525
193	0.2525
194	0.25225
195	0.25225
196	0.25175
197	0.25175
198	0.25125
199	0.25125
200	0.251
201	0.25075
202	0.2505
203	0.24999999999999997
204	0.24999999999999997
205	0.24999999999999997
206	0.24974999999999997
207	0.24974999999999997
208	0.24949999999999997
209	0.24949999999999997
210	0.24924999999999997
211	0.24899999999999997
212	0.24849999999999997
213	0.24849999999999997
214	0.24824999999999997
215	0.24799999999999997
216	0.24774999999999997
217	0.24724999999999997
218	0.24674999999999997
219	0.24674999999999997
220	0.24649999999999997
221	0.24649999999999997
222	0.24624999999999997
223	0.24574999999999997
224	0.24524999999999997
225	0.24474999999999997
226	0.24424999999999997
227	0.24399999999999997
228	0.24374999999999997
229	0.24374999999999997
230	0.24374999999999997
231	0.24349999999999997
232	0.24299999999999997
233	0.24299999999999997
234	0.24224999999999997
235	0.24224999999999997
236	0.24224999999999997
237	0.24224999999999997
238	0.24224999999999997
239	0.24199999999999997
240	0.24174999999999996
241	0.24149999999999996
242	0.24149999999999996
243	0.24149999999999996
244	0.24149999999999996
245	0.24149999999999996
246	0.24149999999999996
247	0.24149999999999996
248	0.24124999999999996
249	0.24099999999999996
250	0.24074999999999996
251	0.23999999999999996
252	0.23974999999999996
253	0.23949999999999996
254	0.23924999999999996
255	0.23924999999999996
256	0.23849999999999996
257	0.23824999999999996
258	0.23774999999999996
259	0.23774999999999996
260	0.23774999999999996
261	0.23774999999999996
262	0.23749999999999996
263	0.23749999999999996
264	0.23749999999999996
265	0.23749999999999996
266	0.23699999999999996
267	0.23674999999999996
268	0.23624999999999996
269	0.23624999999999996
270	0.23624999999999996
271	0.23624999999999996
272	0.23599999999999996
273	0.23599999999999996
274	0.23574999999999996
275	0.23549999999999996
276	0.23549999999999996
277	0.23524999999999996
278	0.23499999999999996
279	0.23449999999999996
280	0.23449999999999996
281	0.23449999999999996
282	0.23449999999999996
283	0.23424999999999996
284	0.23424999999999996
285	0.23424999999999996
286	0.23399999999999996
287	0.23349999999999996
288	0.23324999999999996
289	0.23324999999999996
290	0.23324999999999996
291	0.23299999999999996
292	0.23299999999999996
293	0.23274999999999996
294	0.23249999999999996
295	0.23224999999999996
296	0.23224999999999996
297	0.23224999999999996
298	0.23199999999999996
299	0.23199999999999996
300	0.23199999999999996
301	0.23149999999999996
302	0.23149999999999996
303	0.23149999999999996
304	0.23149999999999996
305	0.23124999999999996
306	0.23124999999999996
307	0.23099999999999996
308	0.23074999999999996
309	0.23074999999999996
310	0.23024999999999995
311	0.23024999999999995
312	0.23024999999999995
313	0.23024999999999995
314	0.23024999999999995
315	0.23024999999999995
316	0.22999999999999995
317	0.22949999999999995
318	0.22924999999999995
319	0.22924999999999995
320	0.22924999999999995
321	0.22924999999999995
322	0.22899999999999995
323	0.22874999999999995
324	0.22874999999999995
325	0.22874999999999995
326	0.22849999999999995
327	0.22824999999999995
328	0.22799999999999995
329	0.22799999999999995
330	0.22749999999999995
331	0.22699999999999995
332	0.22674999999999995
333	0.22624999999999995
334	0.22599999999999995
335	0.22599999999999995
336	0.22549999999999995
337	0.22549999999999995
338	0.22549999999999995
339	0.22549999999999995
340	0.22549999999999995
341	0.22549999999999995
342	0.22549999999999995
343	0.22549999999999995
344	0.22524999999999995
345	0.22524999999999995
346	0.22524999999999995
347	0.22499999999999995
348	0.22499999999999995
349	0.22474999999999995
350	0.22474999999999995
351	0.22399999999999995
352	0.22399999999999995
353	0.22399999999999995
354	0.22399999999999995
355	0.22399999999999995
356	0.22374999999999995
357	0.22349999999999995
358	0.22349999999999995
359	0.22299999999999995
360	0.22299999999999995
361	0.22299999999999995
362	0.22299999999999995
363	0.22299999999999995
364	0.22299999999999995
365	0.22299999999999995
366	0.22299999999999995
367	0.22299999999999995
368	0.22299999999999995
369	0.22274999999999995
370	0.22249999999999995
371	0.22224999999999995
372	0.22224999999999995
373	0.22199999999999995
374	0.22174999999999995
375	0.22174999999999995
376	0.22174999999999995
377	0.22174999999999995
378	0.22174999999999995
379	0.22149999999999995
380	0.22149999999999995
381	0.22124999999999995
382	0.22099999999999995
383	0.22099999999999995
384	0.22049999999999995
385	0.21999999999999995
386	0.21999999999999995
387	0.21974999999999995
388	0.21974999999999995
389	0.21899999999999994
390	0.21899999999999994
391	0.21899999999999994
392	0.21874999999999994
393	0.21874999999999994
394	0.21849999999999994
395	0.21849999999999994
396	0.21849999999999994
397	0.21824999999999994
398	0.21824999999999994
399	0.21824999999999994
400	0.21824999999999994
401	0.21799999999999994
402	0.21799999999999994
403	0.21749999999999994
404	0.21724999999999994
405	0.21724999999999994
406	0.21724999999999994
407	0.21699999999999994
408	0.21699999999999994
409	0.21699999999999994
410	0.21699999999999994
411	0.21699999999999994
412	0.21699999999999994
413	0.21699999999999994
414	0.21699999999999994
415	0.21699999999999994
416	0.21674999999999994
417	0.21674999999999994
418	0.21649999999999994
419	0.21624999999999994
420	0.21624999999999994
421	0.21624999999999994
422	0.21624999999999994
423	0.21624999999999994
424	0.21624999999999994
425	0.21624999999999994
426	0.21624999999999994
427	0.21624999999999994
428	0.21624999999999994
429	0.21624999999999994
430	0.21624999999999994
431	0.21624999999999994
432	0.21624999999999994
433	0.21624999999999994
434	0.21624999999999994
435	0.21624999999999994
436	0.21624999999999994
437	0.21599999999999994
438	0.21574999999999994
439	0.21549999999999994
440	0.21549999999999994
441	0.21549999999999994
442	0.21549999999999994
443	0.21524999999999994
444	0.21524999999999994
445	0.21524999999999994
446	0.21499999999999994
447	0.21499999999999994
448	0.21499999999999994
449	0.21474999999999994
450	0.21474999999999994
451	0.21474999999999994
452	0.21474999999999994
453	0.21474999999999994
454	0.21474999999999994
455	0.21474999999999994
456	0.21399999999999994
457	0.21399999999999994
458	0.21374999999999994
459	0.21374999999999994
460	0.21349999999999994
461	0.21324999999999994
462	0.21324999999999994
463	0.21324999999999994
464	0.21324999999999994
465	0.21324999999999994
466	0.21299999999999994
467	0.21274999999999994
468	0.21274999999999994
469	0.21249999999999994
470	0.21224999999999994
471	0.21224999999999994
472	0.21199999999999994
473	0.21149999999999994
474	0.21149999999999994
475	0.21149999999999994
476	0.21149999999999994
477	0.21149999999999994
478	0.21149999999999994
479	0.21149999999999994
480	0.21149999999999994
481	0.21149999999999994
482	0.21149999999999994
483	0.21124999999999994
484	0.21124999999999994
485	0.21124999999999994
486	0.21099999999999994
487	0.21099999999999994
488	0.21099999999999994
489	0.21074999999999994
490	0.21049999999999994
491	0.21049999999999994
492	0.20999999999999994
493	0.20999999999999994
494	0.20999999999999994
495	0.20999999999999994
496	0.20974999999999994
497	0.20974999999999994
498	0.20974999999999994
499	0.20974999999999994
500	0.20974999999999994
501	0.20974999999999994
502	0.20974999999999994
503	0.20974999999999994
504	0.20949999999999994
505	0.20949999999999994
506	0.20924999999999994
507	0.20924999999999994
508	0.20924999999999994
509	0.20924999999999994
510	0.20899999999999994
511	0.20899999999999994
512	0.20899999999999994
513	0.20824999999999994
514	0.20824999999999994
515	0.20824999999999994
516	0.20799999999999993
517	0.20774999999999993
518	0.20749999999999996
519	0.20724999999999996
520	0.20724999999999996
521	0.20699999999999996
522	0.20699999999999996
523	0.20674999999999996
524	0.20674999999999996
525	0.20624999999999996
526	0.20624999999999996
527	0.206
528	0.206
529	0.20575
530	0.20575
531	0.20575
532	0.20575
533	0.20575
534	0.2055
535	0.2055
536	0.2055
537	0.2055
538	0.2055
539	0.2055
540	0.2055
541	0.2055
542	0.2055
543	0.20525
544	0.20525
545	0.20525
546	0.205
547	0.20475
548	0.20475
549	0.20475
550	0.20475
551	0.20475
552	0.20425
553	0.204
554	0.204
555	0.20375
556	0.20375
557	0.20375
558	0.20375
559	0.20375
560	0.20375
561	0.20375
562	0.2035
563	0.2035
564	0.2035
565	0.2035
566	0.2035
567	0.2035
568	0.20325
569	0.20325
570	0.20325
571	0.20299999999999999
572	0.20299999999999999
573	0.20299999999999999
574	0.20299999999999999
575	0.20299999999999999
576	0.20299999999999999
577	0.20274999999999999
578	0.20249999999999999
579	0.20249999999999999
580	0.20199999999999999
581	0.20199999999999999
582	0.20199999999999999
583	0.20174999999999998
584	0.20174999999999998
585	0.20174999999999998
586	0.20174999999999998
587	0.20174999999999998
588	0.20174999999999998
589	0.20174999999999998
590	0.20174999999999998
591	0.20149999999999998
592	0.20149999999999998
593	0.20149999999999998
594	0.20149999999999998
595	0.20149999999999998
596	0.20149999999999998
597	0.20149999999999998
598	0.20124999999999998
599	0.20124999999999998
600	0.20124999999999998
601	0.20124999999999998
602	0.20099999999999998
603	0.20099999999999998
604	0.20099999999999998
605	0.20049999999999998
606	0.20049999999999998
607	0.20049999999999998
608	0.20049999999999998
609	0.20049999999999998
610	0.20024999999999998
611	0.20024999999999998
612	0.20024999999999998
613	0.20024999999999998
614	0.20024999999999998
615	0.20024999999999998
616	0.20024999999999998
617	0.20024999999999998
618	0.20024999999999998
619	0.20024999999999998
620	0.20024999999999998
621	0.20024999999999998
622	0.20024999999999998
623	0.20024999999999998
624	0.20024999999999998
625	0.20024999999999998
626	0.19999999999999998
627	0.19974999999999998
628	0.19974999999999998
629	0.19974999999999998
630	0.19974999999999998
631	0.19974999999999998
632	0.19974999999999998
633	0.19974999999999998
634	0.19949999999999998
635	0.19949999999999998
636	0.19949999999999998
637	0.19949999999999998
638	0.19949999999999998
639	0.19949999999999998
640	0.19949999999999998
641	0.19924999999999998
642	0.19899999999999998
643	0.19899999999999998
644	0.19874999999999998
645	0.19874999999999998
646	0.19849999999999998
647	0.19849999999999998
648	0.19849999999999998
649	0.19849999999999998
650	0.19849999999999998
651	0.19849999999999998
652	0.19824999999999998
653	0.19799999999999998
654	0.19799999999999998
655	0.19774999999999998
656	0.19774999999999998
657	0.19749999999999998
658	0.19724999999999998
659	0.19724999999999998
660	0.19724999999999998
661	0.19699999999999998
662	0.19699999999999998
663	0.19699999999999998
664	0.19699999999999998
665	0.19699999999999998
666	0.19674999999999998
667	0.19674999999999998
668	0.19624999999999998
669	0.19624999999999998
670	0.19624999999999998
671	0.19624999999999998
672	0.19624999999999998
673	0.19624999999999998
674	0.19624999999999998
675	0.19599999999999998
676	0.19599999999999998
677	0.19599999999999998
678	0.19599999999999998
679	0.19599999999999998
680	0.19574999999999998
681	0.19549999999999998
682	0.19549999999999998
683	0.19549999999999998
684	0.19549999999999998
685	0.19549999999999998
686	0.19549999999999998
687	0.19524999999999998
688	0.19524999999999998
689	0.19524999999999998
690	0.19524999999999998
691	0.19524999999999998
692	0.19524999999999998
693	0.19524999999999998
694	0.19524999999999998
695	0.19499999999999998
696	0.19474999999999998
697	0.19474999999999998
698	0.19474999999999998
699	0.19449999999999998
700	0.19449999999999998
701	0.19449999999999998
702	0.19449999999999998
703	0.19449999999999998
704	0.19449999999999998
705	0.19449999999999998
706	0.19449999999999998
707	0.19424999999999998
708	0.19424999999999998
709	0.19424999999999998
710	0.19424999999999998
711	0.19424999999999998
712	0.19424999999999998
713	0.19424999999999998
714	0.19424999999999998
715	0.19399999999999998
716	0.19399999999999998
717	0.19399999999999998
718	0.19399999999999998
719	0.19399999999999998
720	0.19399999999999998
721	0.19399999999999998
722	0.19399999999999998
723	0.19399999999999998
724	0.19399999999999998
725	0.19399999999999998
726	0.19399999999999998
727	0.19374999999999998
728	0.19374999999999998
729	0.19374999999999998
730	0.19374999999999998
731	0.19374999999999998
732	0.19374999999999998
733	0.19374999999999998
734	0.19374999999999998
735	0.19349999999999998
736	0.19349999999999998
737	0.19324999999999998
738	0.19299999999999998
739	0.19299999999999998
740	0.19299999999999998
741	0.19274999999999998
742	0.19274999999999998
743	0.19249999999999998
744	0.19249999999999998
745	0.19249999999999998
746	0.19249999999999998
747	0.19249999999999998
748	0.19249999999999998
749	0.19249999999999998
750	0.19249999999999998
751	0.19249999999999998
752	0.19249999999999998
753	0.19224999999999998
754	0.19224999999999998
755	0.19224999999999998
756	0.19199999999999998
757	0.19199999999999998
758	0.19199999999999998
759	0.19174999999999998
760	0.19174999999999998
761	0.19149999999999998
762	0.19149999999999998
763	0.19124999999999998
764	0.19124999999999998
765	0.19124999999999998
766	0.19124999999999998
767	0.19124999999999998
768	0.19124999999999998
769	0.19124999999999998
770	0.19124999999999998
771	0.19124999999999998
772	0.19124999999999998
773	0.19124999999999998
774	0.19124999999999998
775	0.19099999999999998
776	0.19099999999999998
777	0.19099999999999998
778	0.19099999999999998
779	0.19099999999999998
780	0.19099999999999998
781	0.19099999999999998
782	0.19099999999999998
783	0.19099999999999998
784	0.19099999999999998
785	0.19099999999999998
786	0.19099999999999998
787	0.19099999999999998
788	0.19099999999999998
789	0.19099999999999998
790	0.19074999999999998
791	0.19074999999999998
792	0.19074999999999998
793	0.19074999999999998
794	0.19049999999999997
795	0.19049999999999997
796	0.19049999999999997
797	0.19049999999999997
798	0.19024999999999997
799	0.19024999999999997
800	0.19024999999999997
801	0.19024999999999997
802	0.18974999999999997
803	0.18974999999999997
804	0.18949999999999997
805	0.18949999999999997
806	0.18949999999999997
807	0.18899999999999997
808	0.18874999999999997
809	0.18874999999999997
810	0.18874999999999997
811	0.18874999999999997
812	0.18874999999999997
813	0.18874999999999997
814	0.18874999999999997
815	0.18874999999999997
816	0.18874999999999997
817	0.18874999999999997
818	0.18874999999999997
819	0.18849999999999997
820	0.18824999999999997
821	0.18824999999999997
822	0.18824999999999997
823	0.18824999999999997
824	0.18824999999999997
825	0.18824999999999997
826	0.18824999999999997
827	0.18824999999999997
828	0.18824999999999997
829	0.18774999999999997
830	0.18774999999999997
831	0.18774999999999997
832	0.18774999999999997
833	0.18774999999999997
834	0.18774999999999997
835	0.18774999999999997
836	0.18774999999999997
837	0.18749999999999997
838	0.18749999999999997
839	0.18749999999999997
840	0.18749999999999997
841	0.18749999999999997
842	0.18749999999999997
843	0.18749999999999997
844	0.18749999999999997
845	0.18724999999999997
846	0.18724999999999997
847	0.18724999999999997
848	0.18724999999999997
849	0.18724999999999997
850	0.18724999999999997
851	0.18724999999999997
852	0.18724999999999997
853	0.18724999999999997
854	0.18724999999999997
855	0.18724999999999997
856	0.18724999999999997
857	0.18724999999999997
858	0.18699999999999997
859	0.18699999999999997
860	0.18674999999999997
861	0.18674999999999997
862	0.18674999999999997
863	0.18649999999999997
864	0.18649999999999997
865	0.18624999999999997
866	0.18624999999999997
867	0.18624999999999997
868	0.18624999999999997
869	0.18624999999999997
870	0.18599999999999997
871	0.18599999999999997
872	0.18599999999999997
873	0.18599999999999997
874	0.18599999999999997
875	0.18599999999999997
876	0.18599999999999997
877	0.18574999999999997
878	0.18549999999999997
879	0.18549999999999997
880	0.18549999999999997
881	0.18549999999999997
882	0.18549999999999997
883	0.18549999999999997
884	0.18549999999999997
885	0.18549999999999997
886	0.18549999999999997
887	0.18549999999999997
888	0.18549999999999997
889	0.18524999999999997
890	0.18524999999999997
891	0.18499999999999997
892	0.18499999999999997
893	0.18474999999999997
894	0.18474999999999997
895	0.18474999999999997
896	0.18474999999999997
897	0.18474999999999997
898	0.18474999999999997
899	0.18474999999999997
900	0.18474999999999997
901	0.18474999999999997
902	0.18474999999999997
903	0.18474999999999997
904	0.18474999999999997
905	0.18474999999999997
906	0.18474999999999997
907	0.18449999999999997
908	0.18449999999999997
909	0.18449999999999997
910	0.18449999999999997
911	0.18449999999999997
912	0.18449999999999997
913	0.18449999999999997
914	0.18424999999999997
915	0.18424999999999997
916	0.18399999999999997
917	0.18399999999999997
918	0.18399999999999997
919	0.18399999999999997
920	0.18399999999999997
921	0.18399999999999997
922	0.18399999999999997
923	0.18399999999999997
924	0.18399999999999997
925	0.18399999999999997
926	0.18374999999999997
927	0.18374999999999997
928	0.18374999999999997
929	0.18324999999999997
930	0.18324999999999997
931	0.18324999999999997
932	0.18324999999999997
933	0.18299999999999997
934	0.18299999999999997
935	0.18299999999999997
936	0.18299999999999997
937	0.18299999999999997
938	0.18299999999999997
939	0.18299999999999997
940	0.18299999999999997
941	0.18299999999999997
942	0.18299999999999997
943	0.18299999999999997
944	0.18299999999999997
945	0.18299999999999997
946	0.18249999999999997
947	0.18249999999999997
948	0.18199999999999997
949	0.18199999999999997
950	0.18199999999999997
951	0.18199999999999997
952	0.18199999999999997
953	0.18199999999999997
954	0.18199999999999997
955	0.18199999999999997
956	0.18199999999999997
957	0.18199999999999997
958	0.18199999999999997
959	0.18199999999999997
960	0.18199999999999997
961	0.18199999999999997
962	0.18199999999999997
963	0.18174999999999997
964	0.18174999999999997
965	0.18174999999999997
966	0.18174999999999997
967	0.18174999999999997
968	0.18174999999999997
969	0.18174999999999997
970	0.18174999999999997
971	0.18174999999999997
972	0.18174999999999997
973	0.18174999999999997
974	0.18174999999999997
975	0.18174999999999997
976	0.18174999999999997
977	0.18174999999999997
978	0.18174999999999997
979	0.18174999999999997
980	0.18174999999999997
981	0.18174999999999997
982	0.18149999999999997
983	0.18149999999999997
984	0.18149999999999997
985	0.18149999999999997
986	0.18149999999999997
987	0.18124999999999997
988	0.18124999999999997
989	0.18124999999999997
990	0.18124999999999997
991	0.18124999999999997
992	0.18124999999999997
993	0.18124999999999997
994	0.18124999999999997
995	0.18124999999999997
996	0.18124999999999997
997	0.18124999999999997
998	0.18124999999999997
999	0.18099999999999997
