0	0.51075
1	0.3546325
2	0.27632
3	0.22875250000000003
4	0.19655749999999997
5	0.1728775
6	0.1543375
7	0.1399725
8	0.1283925
9	0.118855
10	0.11059000000000001
11	0.10330249999999999
12	0.09703749999999998
13	0.09166750000000001
14	0.086735
15	0.0826275
16	0.0790325
17	0.0756425
18	0.07248750000000001
19	0.06946000000000001
20	0.0667925
21	0.0643675
22	0.0620625
23	0.06012749999999999
24	0.05810749999999999
25	0.05635
26	0.054602500000000005
27	0.0530625
28	0.051524999999999994
29	0.0501475
30	0.0489225
31	0.047705
32	0.046535
33	0.045369999999999994
34	0.0442325
35	0.0432525
36	0.0422725
37	0.04130249999999999
38	0.040485
39	0.0396875
40	0.03895
41	0.0381875
42	0.037410000000000006
43	0.0366875
44	0.0359875
45	0.03536
46	0.034705
47	0.034132499999999996
48	0.033495
49	0.0329075
50	0.03236750000000001
51	0.0318275
52	0.031392500000000004
53	0.03095
54	0.030522499999999998
55	0.030090000000000006
56	0.029637500000000004
57	0.029222499999999995
58	0.028809999999999995
59	0.028422500000000003
60	0.0280275
61	0.02762
62	0.027227499999999998
63	0.0268375
64	0.0264675
65	0.0261475
66	0.02582
67	0.025500000000000002
68	0.025167500000000002
69	0.02484
70	0.024557500000000003
71	0.024237500000000002
72	0.023955
73	0.023695
74	0.0234375
75	0.023177500000000004
76	0.0228925
77	0.022642499999999996
78	0.022425
79	0.0221875
80	0.021925
81	0.021724999999999998
82	0.02153
83	0.02128
84	0.021067499999999996
85	0.0209075
86	0.0206625
87	0.020435000000000005
88	0.0202675
89	0.0200975
90	0.01995
91	0.019777500000000003
92	0.0196375
93	0.019475
94	0.0192875
95	0.019105000000000004
96	0.01896
97	0.0188175
98	0.0186775
99	0.018549999999999997
100	0.018397499999999997
101	0.01829
102	0.018152500000000002
103	0.018007500000000003
104	0.0178425
105	0.0177075
106	0.01755
107	0.017452499999999996
108	0.017315
109	0.0172175
110	0.017079999999999998
111	0.016947499999999997
112	0.0168075
113	0.0166625
114	0.01654
115	0.016427499999999998
116	0.016325
117	0.0162325
118	0.016094999999999998
119	0.015987499999999998
120	0.0158375
121	0.0157525
122	0.01566
123	0.015575
124	0.015464999999999998
125	0.015367500000000001
126	0.0152925
127	0.0151925
128	0.015105000000000002
129	0.015019999999999999
130	0.0149075
131	0.0147775
132	0.01467
133	0.014584999999999999
134	0.01449
135	0.014407500000000002
136	0.0143175
137	0.01424
138	0.014169999999999999
139	0.014084999999999999
140	0.013995
141	0.013924999999999998
142	0.0138325
143	0.013727499999999998
144	0.013645000000000001
145	0.0135675
146	0.013482500000000001
147	0.01338
148	0.0132975
149	0.013235
150	0.013150000000000002
151	0.0130575
152	0.012997500000000002
153	0.012935
154	0.0128675
155	0.0128
156	0.012737499999999999
157	0.0126675
158	0.012582499999999998
159	0.012515
160	0.012445
161	0.01239
162	0.012335
163	0.01225
164	0.012182499999999999
165	0.012119999999999999
166	0.012039999999999999
167	0.011989999999999999
168	0.0119225
169	0.011847500000000002
170	0.01179
171	0.011749999999999997
172	0.011685
173	0.0116075
174	0.01157
175	0.011499999999999998
176	0.011437500000000001
177	0.011394999999999999
178	0.011352500000000001
179	0.011302499999999998
180	0.01124
181	0.011189999999999999
182	0.011134999999999999
183	0.0110775
184	0.0110225
185	0.0109825
186	0.010925
187	0.01089
188	0.01086
189	0.010807500000000001
190	0.0107725
191	0.010724999999999998
192	0.01068
193	0.0106175
194	0.01058
195	0.0105525
196	0.010507500000000001
197	0.0104625
198	0.0104275
199	0.010382500000000001
200	0.010339999999999998
201	0.0102725
202	0.010235
203	0.010172500000000001
204	0.0101475
205	0.010092499999999999
206	0.0100425
207	0.0100175
208	0.009965
209	0.009924999999999998
210	0.009895
211	0.0098525
212	0.009814999999999999
213	0.009770000000000001
214	0.009734999999999999
215	0.0096975
216	0.009665
217	0.009625000000000002
218	0.0095675
219	0.0095375
220	0.009497500000000002
221	0.0094675
222	0.0094425
223	0.009405
224	0.0093575
225	0.009325000000000002
226	0.009300000000000001
227	0.009260000000000001
228	0.009225
229	0.009195
230	0.009157499999999999
231	0.00913
232	0.00909
233	0.009055000000000002
234	0.0090125
235	0.008975
236	0.0089525
237	0.00892
238	0.008912500000000002
239	0.0088775
240	0.00885
241	0.008825000000000001
242	0.00879
243	0.0087625
244	0.00874
245	0.008715
246	0.00868
247	0.008647499999999999
248	0.008629999999999999
249	0.008584999999999999
250	0.0085475
251	0.008525
252	0.008490000000000001
253	0.0084625
254	0.008430000000000002
255	0.0083775
256	0.0083525
257	0.00833
258	0.0083
259	0.00827
260	0.00823
261	0.0082125
262	0.008185
263	0.008165
264	0.008132499999999999
265	0.008119999999999999
266	0.008092499999999999
267	0.0080625
268	0.0080225
269	0.0079975
270	0.0079675
271	0.007940000000000001
272	0.00792
273	0.0078825
274	0.007865
275	0.0078475
276	0.00783
277	0.0078075
278	0.007772500000000001
279	0.007752500000000001
280	0.007742500000000001
281	0.0077075
282	0.0076975
283	0.0076774999999999986
284	0.0076525000000000004
285	0.0076300000000000005
286	0.007602500000000001
287	0.0075825
288	0.007552499999999999
289	0.00752
290	0.007495
291	0.007475000000000001
292	0.007455
293	0.007429999999999999
294	0.007405
295	0.007385000000000001
296	0.007365
297	0.0073574999999999995
298	0.0073375
299	0.007315
300	0.0072924999999999995
301	0.0072575
302	0.007232499999999999
303	0.007207500000000001
304	0.007179999999999999
305	0.0071625000000000005
306	0.007152500000000001
307	0.00714
308	0.007117499999999999
309	0.0070925
310	0.007072500000000001
311	0.0070575
312	0.007050000000000001
313	0.0070375
314	0.007025000000000001
315	0.007005
316	0.0069900000000000006
317	0.006975
318	0.0069575
319	0.006947499999999999
320	0.006920000000000001
321	0.006897499999999999
322	0.006885
323	0.0068625
324	0.006852499999999999
325	0.0068325
326	0.006805
327	0.0067875
328	0.006767499999999999
329	0.00675
330	0.0067374999999999996
331	0.0067174999999999995
332	0.0066949999999999996
333	0.0066825
334	0.006662500000000001
335	0.006635
336	0.006617500000000001
337	0.0066
338	0.006582499999999999
339	0.00657
340	0.006555
341	0.006535
342	0.0065249999999999996
343	0.006517499999999999
344	0.0065049999999999995
345	0.0064875
346	0.006474999999999999
347	0.006455000000000001
348	0.006435
349	0.00642
350	0.006399999999999999
351	0.006384999999999999
352	0.006369999999999999
353	0.006362499999999999
354	0.006345
355	0.0063325
356	0.006325
357	0.006305000000000001
358	0.0062900000000000005
359	0.006277500000000001
360	0.006260000000000001
361	0.00624
362	0.006217499999999999
363	0.006200000000000001
364	0.0061975
365	0.006167499999999999
366	0.006149999999999999
367	0.0061325
368	0.00612
369	0.006110000000000001
370	0.0060999999999999995
371	0.006082499999999999
372	0.006067499999999999
373	0.0060525
374	0.006044999999999999
375	0.0060325
376	0.0060075
377	0.005999999999999999
378	0.00599
379	0.005974999999999999
380	0.005965
381	0.0059499999999999996
382	0.005945
383	0.005935
384	0.005920000000000001
385	0.005905
386	0.0058850000000000005
387	0.005877500000000001
388	0.005855
389	0.0058425000000000005
390	0.005835
391	0.00583
392	0.005825
393	0.005809999999999999
394	0.005795
395	0.0057875
396	0.0057725
397	0.005749999999999999
398	0.0057374999999999995
399	0.005725
400	0.005715
401	0.0057
402	0.005687500000000001
403	0.00567
404	0.005662499999999999
405	0.0056500000000000005
406	0.0056325
407	0.005627499999999999
408	0.005617499999999999
409	0.0056025
410	0.0056025
411	0.0055899999999999995
412	0.00558
413	0.005569999999999999
414	0.0055625
415	0.005554999999999999
416	0.0055425
417	0.005535
418	0.0055275
419	0.00551
420	0.0055025
421	0.005490000000000001
422	0.005485
423	0.0054800000000000005
424	0.0054725
425	0.00546
426	0.005452499999999999
427	0.0054375
428	0.00543
429	0.0054175000000000004
430	0.0054075
431	0.0054025
432	0.00539
433	0.005385
434	0.0053725
435	0.0053725
436	0.0053625
437	0.00536
438	0.005355
439	0.005345
440	0.0053325000000000004
441	0.005322500000000001
442	0.005297500000000001
443	0.005295
444	0.0052825
445	0.0052775
446	0.005265
447	0.0052575
448	0.0052450000000000005
449	0.005237500000000001
450	0.005232499999999999
451	0.0052274999999999995
452	0.005220000000000001
453	0.005214999999999999
454	0.005209999999999999
455	0.005199999999999999
456	0.005189999999999999
457	0.005187499999999999
458	0.0051725
459	0.0051400000000000005
460	0.0051275
461	0.005115000000000001
462	0.005107500000000001
463	0.005092499999999999
464	0.0050675
465	0.0050475
466	0.0050375
467	0.005025
468	0.005017499999999999
469	0.005012499999999999
470	0.005007499999999999
471	0.005
472	0.00499
473	0.004974999999999999
474	0.00497
475	0.004957499999999999
476	0.0049425
477	0.0049225
478	0.0049175
479	0.0049099999999999994
480	0.0048975
481	0.0048925
482	0.0048875
483	0.0048825
484	0.004872499999999999
485	0.0048649999999999995
486	0.004855
487	0.00485
488	0.004847499999999999
489	0.00484
490	0.004829999999999999
491	0.0048175
492	0.004815
493	0.0048025
494	0.004795000000000001
495	0.00479
496	0.0047875
497	0.0047799999999999995
498	0.0047775
499	0.0047675
500	0.0047599999999999995
501	0.004755
502	0.0047350000000000005
503	0.004725
504	0.0047225
505	0.0047225
506	0.004710000000000001
507	0.004705
508	0.004695
509	0.004685
510	0.0046725000000000004
511	0.004667500000000001
512	0.0046625
513	0.004655
514	0.004647500000000001
515	0.004637500000000001
516	0.0046325
517	0.004625000000000001
518	0.0046125
519	0.0046025
520	0.0045874999999999996
521	0.0045825
522	0.00458
523	0.00457
524	0.004560000000000001
525	0.0045525
526	0.0045449999999999996
527	0.00454
528	0.0045325
529	0.0045225000000000005
530	0.00451
531	0.0045
532	0.0044975
533	0.004489999999999999
534	0.004484999999999999
535	0.00448
536	0.004475
537	0.0044725
538	0.004465
539	0.0044625
540	0.0044575000000000005
541	0.0044525
542	0.0044475
543	0.00444
544	0.0044375
545	0.0044275
546	0.004425
547	0.0044175
548	0.004412500000000001
549	0.0044025
550	0.004387500000000001
551	0.00438
552	0.0043725000000000005
553	0.004365000000000001
554	0.004360000000000001
555	0.0043525000000000005
556	0.004350000000000001
557	0.00434
558	0.0043324999999999995
559	0.00432
560	0.00432
561	0.0043125
562	0.0043100000000000005
563	0.0042925
564	0.00428
565	0.00427
566	0.0042650000000000006
567	0.004257500000000001
568	0.0042525
569	0.004242500000000001
570	0.0042275
571	0.0042275
572	0.004217500000000001
573	0.0042125
574	0.0042125
575	0.0042074999999999994
576	0.004205
577	0.0042
578	0.0041975
579	0.0041925
580	0.0041875
581	0.0041825000000000005
582	0.004175000000000001
583	0.004165
584	0.004155
585	0.0041475
586	0.0041425
587	0.0041375
588	0.0041325
589	0.004125
590	0.0041199999999999995
591	0.004115
592	0.004102499999999999
593	0.0040999999999999995
594	0.004095
595	0.00409
596	0.0040875
597	0.00408
598	0.0040725
599	0.004065
600	0.0040625
601	0.0040525
602	0.0040475
603	0.0040325
604	0.0040325
605	0.004025
606	0.0040225
607	0.004017499999999999
608	0.0040125
609	0.0040075
610	0.0039975
611	0.0039900000000000005
612	0.0039825
613	0.0039724999999999995
614	0.00397
615	0.00397
616	0.003965
617	0.0039625
618	0.003955
619	0.003945000000000001
620	0.00394
621	0.0039375
622	0.0039325
623	0.0039250000000000005
624	0.003922500000000001
625	0.00392
626	0.00391
627	0.0039075
628	0.0039025000000000006
629	0.0038975000000000004
630	0.0038950000000000005
631	0.0038925000000000006
632	0.0038900000000000007
633	0.0038725
634	0.0038675
635	0.003865
636	0.0038625
637	0.0038525
638	0.0038525
639	0.0038475
640	0.0038475
641	0.0038375
642	0.003835
643	0.0038324999999999995
644	0.0038249999999999994
645	0.0038199999999999996
646	0.003815
647	0.003815
648	0.0038125
649	0.00381
650	0.0038049999999999994
651	0.0038024999999999995
652	0.0037949999999999998
653	0.0037825000000000003
654	0.0037800000000000004
655	0.0037775
656	0.0037724999999999994
657	0.0037625
658	0.0037474999999999995
659	0.0037424999999999997
660	0.0037424999999999997
661	0.0037375
662	0.0037375
663	0.0037225
664	0.0037225
665	0.0037175000000000003
666	0.0037099999999999998
667	0.0037099999999999998
668	0.003705
669	0.0037025
670	0.0036925000000000005
671	0.0036875000000000007
672	0.00368
673	0.0036749999999999994
674	0.0036749999999999994
675	0.0036699999999999997
676	0.0036674999999999998
677	0.0036625
678	0.0036625
679	0.0036474999999999997
680	0.003645
681	0.0036425
682	0.00364
683	0.0036375
684	0.00363
685	0.00363
686	0.0036275
687	0.0036275
688	0.00362
689	0.0036149999999999997
690	0.0036074999999999996
691	0.0036074999999999996
692	0.0036025
693	0.0036025
694	0.0035925
695	0.0035849999999999996
696	0.0035849999999999996
697	0.00357
698	0.0035625
699	0.0035549999999999996
700	0.0035499999999999998
701	0.0035424999999999996
702	0.0035399999999999997
703	0.0035375
704	0.003535
705	0.0035325
706	0.003525
707	0.0035225
708	0.0035150000000000003
709	0.0035125000000000004
710	0.0035100000000000005
711	0.0035050000000000007
712	0.003502500000000001
713	0.0034975000000000006
714	0.0034925
715	0.00349
716	0.00349
717	0.003485
718	0.00348
719	0.0034775
720	0.0034750000000000002
721	0.0034675
722	0.0034575000000000005
723	0.0034525000000000007
724	0.00345
725	0.0034475
726	0.003445
727	0.003445
728	0.0034425000000000002
729	0.0034349999999999997
730	0.0034275
731	0.0034200000000000003
732	0.0034124999999999997
733	0.00341
734	0.0034075
735	0.0034025
736	0.0034025
737	0.0033974999999999995
738	0.00339
739	0.0033849999999999996
740	0.0033774999999999994
741	0.0033724999999999996
742	0.0033699999999999997
743	0.0033649999999999995
744	0.0033575
745	0.003355
746	0.0033524999999999996
747	0.0033524999999999996
748	0.0033499999999999997
749	0.003345
750	0.0033374999999999998
751	0.0033275
752	0.0033275
753	0.0033275
754	0.0033225000000000004
755	0.0033225000000000004
756	0.0033199999999999996
757	0.003315
758	0.0033125
759	0.0033075
760	0.0033025
761	0.0032949999999999993
762	0.0032924999999999994
763	0.0032874999999999996
764	0.0032849999999999997
765	0.00328
766	0.0032774999999999996
767	0.00327
768	0.00327
769	0.00327
770	0.0032675
771	0.0032675
772	0.0032624999999999998
773	0.0032624999999999998
774	0.00326
775	0.0032524999999999997
776	0.00324
777	0.0032375
778	0.0032375
779	0.003225
780	0.00322
781	0.0032150000000000004
782	0.003205
783	0.0031999999999999997
784	0.0031999999999999997
785	0.0031975
786	0.003195
787	0.0031925
788	0.0031925
789	0.0031899999999999997
790	0.0031875
791	0.0031774999999999998
792	0.003175
793	0.0031699999999999996
794	0.0031699999999999996
795	0.0031674999999999997
796	0.003165
797	0.003165
798	0.00316
799	0.0031574999999999997
800	0.0031574999999999997
801	0.0031574999999999997
802	0.003155
803	0.0031525
804	0.00315
805	0.0031475
806	0.0031450000000000002
807	0.0031450000000000002
808	0.0031450000000000002
809	0.0031425000000000003
810	0.0031349999999999998
811	0.0031275
812	0.003125
813	0.0031174999999999996
814	0.0031099999999999995
815	0.0031074999999999996
816	0.0031025
817	0.0031025
818	0.0030974999999999996
819	0.0030974999999999996
820	0.0030924999999999998
821	0.00309
822	0.0030824999999999997
823	0.0030824999999999997
824	0.0030824999999999997
825	0.0030799999999999994
826	0.0030774999999999995
827	0.0030749999999999996
828	0.00307
829	0.0030675
830	0.0030675
831	0.0030649999999999996
832	0.0030575
833	0.003055
834	0.00305
835	0.00305
836	0.0030424999999999996
837	0.0030399999999999997
838	0.0030375
839	0.0030299999999999997
840	0.0030299999999999997
841	0.003025
842	0.003025
843	0.0030225
844	0.00302
845	0.00301
846	0.00301
847	0.0030025000000000004
848	0.0030025000000000004
849	0.0030025000000000004
850	0.002995
851	0.002995
852	0.00299
853	0.00299
854	0.0029850000000000002
855	0.0029800000000000004
856	0.0029774999999999997
857	0.0029725
858	0.0029725
859	0.0029725
860	0.0029674999999999997
861	0.0029674999999999997
862	0.0029625
863	0.0029625
864	0.00296
865	0.0029575
866	0.0029499999999999995
867	0.0029474999999999996
868	0.0029449999999999997
869	0.0029425
870	0.0029375
871	0.0029325
872	0.0029249999999999996
873	0.00292
874	0.002915
875	0.0029075000000000004
876	0.0028975
877	0.00289
878	0.0028875000000000003
879	0.0028875000000000003
880	0.0028875000000000003
881	0.0028875000000000003
882	0.0028875000000000003
883	0.0028850000000000004
884	0.00288
885	0.00288
886	0.00288
887	0.00288
888	0.0028775000000000003
889	0.0028725000000000005
890	0.00287
891	0.00287
892	0.00287
893	0.0028675000000000003
894	0.0028675000000000003
895	0.0028650000000000004
896	0.0028625000000000005
897	0.0028625000000000005
898	0.0028625000000000005
899	0.0028575000000000002
900	0.0028550000000000003
901	0.00285
902	0.002845
903	0.0028375
904	0.0028375
905	0.0028350000000000003
906	0.0028350000000000003
907	0.0028325
908	0.0028325
909	0.00283
910	0.0028275
911	0.0028275
912	0.002825
913	0.002825
914	0.002825
915	0.002825
916	0.0028225
917	0.0028225
918	0.00282
919	0.0028125
920	0.00281
921	0.0028075
922	0.0028025
923	0.0028025
924	0.0027975
925	0.00279
926	0.0027875
927	0.002785
928	0.0027825000000000003
929	0.0027825000000000003
930	0.0027825000000000003
931	0.002775
932	0.0027725
933	0.0027675
934	0.0027675
935	0.002765
936	0.0027625
937	0.00276
938	0.00276
939	0.002755
940	0.0027525
941	0.0027475
942	0.0027475
943	0.0027449999999999996
944	0.002735
945	0.002735
946	0.002735
947	0.002735
948	0.002735
949	0.002735
950	0.0027275000000000003
951	0.0027275000000000003
952	0.0027275000000000003
953	0.002725
954	0.00272
955	0.00272
956	0.0027175
957	0.0027175
958	0.002715
959	0.002715
960	0.00271
961	0.00271
962	0.0027050000000000004
963	0.0027050000000000004
964	0.0027025000000000005
965	0.0027
966	0.0026975000000000002
967	0.0026975000000000002
968	0.0026925000000000004
969	0.002685
970	0.0026824999999999996
971	0.0026799999999999997
972	0.0026749999999999994
973	0.0026699999999999996
974	0.0026699999999999996
975	0.0026674999999999997
976	0.00266
977	0.00266
978	0.00266
979	0.0026575
980	0.0026525000000000003
981	0.00265
982	0.0026475
983	0.0026475
984	0.0026475
985	0.0026425000000000003
986	0.0026375000000000005
987	0.0026350000000000006
988	0.0026350000000000006
989	0.0026350000000000006
990	0.0026350000000000006
991	0.0026350000000000006
992	0.0026275000000000005
993	0.0026275000000000005
994	0.002625
995	0.002625
996	0.002625
997	0.002625
998	0.002625
999	0.0026225000000000003
